FID,ZIPCODE,Cnt_ZIPCODE,Ave_heightroof,SD_heightroof
-1,00083,52,22.691033436730773,15.489563807267036
-1,10001,1038,98.563079249932585,94.992817543920722
-1,10002,1855,61.816464189681838,39.948433498228084
-1,10003,2008,69.529656823246896,41.073329771240516
-1,10004,266,91.057919462669176,135.765472560381284
-1,10005,66,331.696512861060626,207.357044192680831
-1,10006,63,187.632868108412765,185.499812907461973
-1,10007,228,135.865351247499945,139.575599237205665
-1,10009,1478,57.079896832895862,25.656248688088546
-1,10010,658,102.266596118784165,81.762024452138121
-1,10011,2256,65.836461029556645,40.363591299711487
-1,10012,1330,66.278722929300940,31.483058671613147
-1,10013,1691,73.172228600526338,45.950954600317331
-1,10014,2149,52.201083823015260,27.676128230833992
-1,10016,1441,91.044252187897371,82.411787164603240
-1,10017,466,173.202180991974359,170.002042293701578
-1,10018,665,125.154430575699209,105.697728796446853
-1,10019,1233,108.207461832619757,138.236996936701587
-1,10020,16,219.682848213124998,212.091400763790318
-1,10021,1276,83.914039270282231,63.023512987022052
-1,10022,1082,118.940584793641307,128.766484200006204
-1,10023,1292,88.674705439233733,74.301591739498420
-1,10024,1845,73.078331317203222,40.098024089453645
-1,10025,1773,75.151721700800863,42.641938231258329
-1,10026,1140,58.648915628350800,21.941516794856128
-1,10027,2289,57.529638831834767,30.318662685614779
-1,10028,1310,75.594293723091724,51.921637452448358
-1,10029,1576,63.653649677823509,44.779262964562385
-1,10030,1269,49.863672334838483,20.194112550170882
-1,10031,1669,55.173173913529098,25.418725160709002
-1,10032,1023,61.026676847927639,32.702020472615850
-1,10033,787,58.073281593532414,28.111481329471307
-1,10034,628,46.999391304665622,24.540284625541126
-1,10035,1533,48.115502094657550,28.363323579793651
-1,10036,1058,94.276703031861928,115.709176605866006
-1,10037,299,63.138944284080281,35.325869085400008
-1,10038,382,111.525968964240960,113.217341542976627
-1,10039,343,64.357143320145767,39.996332520175486
-1,10040,486,54.617004442551433,27.481997588854682
-1,10041,1,710.639999999999986,0.000000000000000
-1,10043,1,344.170000000000016,0.000000000000000
-1,10044,65,81.364008082461581,73.483516702574747
-1,10045,1,257.220000000000027,0.000000000000000
-1,10047,2,133.729999999999990,0.000000000000000
-1,10048,9,316.148612774444473,509.934148942962395
-1,10055,1,585.370000000000005,0.000000000000000
-1,10065,1283,80.754447187085077,64.880094712405011
-1,10069,21,287.634587646666773,138.449531550034834
-1,10075,618,79.542009117378740,55.795879352717293
-1,10080,2,551.300379304999979,604.084435420383215
-1,10081,1,820.306217850000053,0.000000000000000
-1,10096,1,626.740000000000009,0.000000000000000
-1,10097,1,665.350000000000023,0.000000000000000
-1,10103,1,480.589999999999975,0.000000000000000
-1,10104,1,568.149999999999977,0.000000000000000
-1,10105,1,643.389999999999986,0.000000000000000
-1,10106,1,592.220000000000027,0.000000000000000
-1,10107,1,318.360000000000014,0.000000000000000
-1,10110,1,704.759999999999991,0.000000000000000
-1,10111,1,511.420000000000016,0.000000000000000
-1,10112,2,436.004999999999995,563.641886351608832
-1,10115,1,242.428142199999996,0.000000000000000
-1,10118,1,1238.790327160000061,0.000000000000000
-1,10119,3,257.337091666666709,408.114009479720437
-1,10120,1,336.689999999999998,0.000000000000000
-1,10121,3,164.537360026666676,231.723211344299273
-1,10122,1,292.530502000000013,0.000000000000000
-1,10123,1,561.141042999999968,0.000000000000000
-1,10128,1350,76.318357202970347,62.991184601029069
-1,10151,1,438.189999999999998,0.000000000000000
-1,10152,1,530.659999999999968,0.000000000000000
-1,10153,1,690.169999999999959,0.000000000000000
-1,10154,1,630.309999999999945,0.000000000000000
-1,10155,1,502.680000000000007,0.000000000000000
-1,10158,1,520.659999999999968,0.000000000000000
-1,10162,1,158.419999999999987,0.000000000000000
-1,10165,1,669.139999999999986,0.000000000000000
-1,10166,1,157.369469350000003,0.000000000000000
-1,10167,1,612.429999999999950,0.000000000000000
-1,10168,1,618.121152589999951,0.000000000000000
-1,10169,1,473.315491710000003,0.000000000000000
-1,10170,1,389.269999999999982,0.000000000000000
-1,10171,1,572.789577630000053,0.000000000000000
-1,10172,1,695.529999999999973,0.000000000000000
-1,10174,2,490.290000000000020,645.899618207039907
-1,10175,1,463.190410579999991,0.000000000000000
-1,10176,1,419.670000000000016,0.000000000000000
-1,10177,1,268.000000000000000,0.000000000000000
-1,10178,1,630.639999999999986,0.000000000000000
-1,10196,2,295.160000000000025,388.823876838858723
-1,10203,1,657.870000000000005,0.000000000000000
-1,10259,1,678.750000000000000,0.000000000000000
-1,10260,1,709.330000000000041,0.000000000000000
-1,10265,1,495.795192400000019,0.000000000000000
-1,10270,1,817.779999999999973,0.000000000000000
-1,10271,1,544.360000000000014,0.000000000000000
-1,10275,1,336.600000000000023,0.000000000000000
-1,10278,2,346.494443130000036,336.117069152103340
-1,10279,1,780.241425380000010,0.000000000000000
-1,10280,27,189.937195384814800,127.070983628674156
-1,10281,5,499.786951255999952,273.439625626647000
-1,10282,22,229.320204578636350,167.756807817160478
-1,10285,1,739.533718980000003,0.000000000000000
-1,10286,1,495.579906080000001,0.000000000000000
-1,10301,9303,26.408956902590401,10.613065676784409
-1,10302,5549,23.964466076165127,8.625727702271595
-1,10303,7112,24.827142765379492,7.878168822200546
-1,10304,10481,25.761336350908454,8.986431922169656
-1,10305,12080,24.506577154052092,7.845261488486985
-1,10306,18324,23.317887767639260,7.264594240943866
-1,10307,4720,25.141677399228772,7.503332109289262
-1,10308,9374,24.077718394805796,6.138214060665291
-1,10309,10702,26.008313866982753,7.392004262785632
-1,10310,8192,23.829795980350294,8.949441784575404
-1,10312,19050,25.300793246925991,6.317018138578993
-1,10314,26078,24.608533865114950,7.430422861497905
-1,10451,1168,44.544304227825336,33.972967942585008
-1,10452,1496,40.669305653850294,23.657139804423529
-1,10453,2229,38.232032960533843,27.179247813100190
-1,10454,1792,37.910923048002232,23.986715452721437
-1,10455,1936,36.229494483135291,22.097386412195068
-1,10456,2916,39.661552969684514,23.577839412529148
-1,10457,2990,35.703061016959794,20.488182820894849
-1,10458,2942,37.800604759340573,18.949161726845130
-1,10459,2564,32.678629499617756,14.967812305730034
-1,10460,3237,31.203214116472036,17.145598881971015
-1,10461,9664,25.188550422251641,12.214041379536463
-1,10462,5348,29.375084058148826,16.804005984186077
-1,10463,2725,35.318033686308262,25.956697992544466
-1,10464,2117,21.723271410793657,8.461657326571988
-1,10465,10991,23.961348826982213,8.307306498809853
-1,10466,11446,25.093310993696512,9.697242333992309
-1,10467,5597,30.535109118870817,17.300446285091269
-1,10468,1816,39.672913871519796,25.522921184022032
-1,10469,12832,24.874831566059949,7.988542661473629
-1,10470,2804,26.132004764062071,10.319903236908825
-1,10471,2539,30.033239635336752,15.471331106063648
-1,10472,5070,26.667127466747424,12.347776429439747
-1,10473,6106,25.633487545981062,14.974562506540115
-1,10474,1314,25.062725035509853,13.639643789099321
-1,10475,1144,37.589847029790214,51.082952418505251
-1,11001,1902,19.443596299884327,6.965817204692567
-1,11004,4719,20.529760907173113,6.475353072306472
-1,11005,193,30.890822406269443,38.707033275968925
-1,11040,1013,20.174209905054312,5.964151106371841
-1,11096,25,23.127907107200002,6.720192626055553
-1,11101,3610,34.174220733279753,40.057547220903253
-1,11102,3423,28.914438795568213,15.115458662204357
-1,11103,5462,26.410448276406029,10.741981309504798
-1,11104,1765,28.975784941507168,12.572764304935300
-1,11105,7570,23.114652425706808,9.417233716358592
-1,11106,3716,28.152300498969264,15.034717695090425
-1,11109,8,157.602977607500009,146.006929800244450
-1,11201,3653,52.008752986895651,45.135642362521153
-1,11203,15719,22.076300680438909,9.887277469434089
-1,11204,12555,24.319470695240135,9.383218339813054
-1,11205,3264,39.513685544892745,18.866646381559264
-1,11206,4965,37.529926489029165,18.851393510002605
-1,11207,12249,26.909157950998353,9.700400138646232
-1,11208,12769,25.133228212822470,9.337886658849865
-1,11209,12074,25.405505424585055,11.460463002635210
-1,11210,13545,24.194165221525374,11.243024882528534
-1,11211,5890,36.495914483168129,15.905384740839688
-1,11212,7325,25.968219886520139,14.450837705937959
-1,11213,5821,29.945906381063459,13.020055115058973
-1,11214,12199,25.389556452359187,10.775730641595343
-1,11215,9217,35.992011163425239,12.305618932438049
-1,11216,6111,38.573529655617740,9.978506663091876
-1,11217,4248,41.285305285922753,22.838767497394905
-1,11218,8387,26.918607709822410,11.373959268261114
-1,11219,10616,28.133338449307630,11.093176552150618
-1,11220,9790,29.433988256064296,10.600037366682646
-1,11221,9406,33.863850544882041,9.562809294462415
-1,11222,5673,33.358744525536700,14.724953211446651
-1,11223,13841,23.824952935377443,9.934862037546957
-1,11224,3313,26.632908650452816,22.113457358262625
-1,11225,4609,29.660278460125848,14.334426746937964
-1,11226,6657,30.481817217730306,14.006507381109566
-1,11228,12081,22.904443329148307,8.929609914441615
-1,11229,15946,23.540816738939562,9.974728065365751
-1,11230,11268,26.464520990061192,12.053234168463593
-1,11231,4755,35.925203491671844,12.597357649030085
-1,11232,3303,30.183247522637000,13.412563971832565
-1,11233,7876,32.744484329570966,9.902846177309918
-1,11234,24775,22.726613298352802,7.795615460099508
-1,11235,9361,26.138252224629760,12.724399093913622
-1,11236,16553,24.732144510463286,7.767148807477264
-1,11237,4540,31.761120420387684,10.951409142088071
-1,11238,4632,39.322599742970688,15.009648697079500
-1,11239,383,41.177334559817247,41.515393449597724
-1,11249,1814,41.721157461334023,28.633418391614189
-1,11251,130,36.936459735692324,29.887940789498227
-1,11354,6816,26.008899625035134,15.202376902061356
-1,11355,9239,25.037460200674197,12.827812962160364
-1,11356,6193,23.997372020476369,8.982101372016437
-1,11357,14204,22.081259739130449,8.521933566393706
-1,11358,13174,22.143900903008138,8.573035639774265
-1,11359,105,29.559660321904762,11.614382807524832
-1,11360,3970,24.550175674397899,9.941867520076933
-1,11361,8883,22.133664009805312,8.179216595558929
-1,11362,5711,23.864097871479572,7.939170933549948
-1,11363,2777,23.497557924180747,8.241957451838834
-1,11364,10642,22.173307354184352,7.589561120552052
-1,11365,10293,21.150413092715397,8.977695744272150
-1,11366,5530,19.919424337112105,7.580195945902307
-1,11367,7521,24.761687152949111,8.189574734282962
-1,11368,9812,25.169286557765009,11.682920274392357
-1,11369,7301,21.738411554169311,8.427573472967653
-1,11370,5722,22.864908073795863,7.321174173464354
-1,11371,51,33.089634157254899,36.896488746146950
-1,11372,3674,29.948011845846544,15.622834322252972
-1,11373,8925,26.399661278424677,11.465327704734989
-1,11374,4445,24.183825755091139,15.039588621664674
-1,11375,9746,25.515342789151418,14.290210815402659
-1,11377,9972,25.601883421584546,10.864107889542208
-1,11378,10698,21.812173246449756,7.883342931200231
-1,11379,11095,22.024798386896890,7.506481516787624
-1,11385,19581,23.414541457169197,9.318933693875605
-1,11411,8458,19.221406616131485,7.204496097499781
-1,11412,14031,20.859121176705894,8.089465714025568
-1,11413,15072,19.890697066131342,7.451166778352257
-1,11414,6756,23.214390704733553,7.017561189209726
-1,11415,2046,26.640091881827942,16.761680422983627
-1,11416,5501,22.313721096311614,8.345665447884494
-1,11417,8638,21.031853399108588,8.124378685533664
-1,11418,7536,23.848348011422328,10.367409180870601
-1,11419,12217,21.573827360972292,8.600880748538724
-1,11420,14767,20.501093706661560,7.813656923104935
-1,11421,8660,23.494403033165124,8.628924969345144
-1,11422,9633,20.938874715265257,7.140055371257116
-1,11423,8581,21.947498102160644,8.603205024932807
-1,11426,8316,20.232525952032265,8.392732866875658
-1,11427,6855,21.711337809636802,7.877807320507286
-1,11428,7438,20.401612073168852,8.225501383333834
-1,11429,9354,20.568947084145879,8.005021952940409
-1,11430,247,27.385503764170060,31.482584478906318
-1,11432,9947,23.985563475851972,11.918892763341708
-1,11433,8204,23.007218384005409,8.861901441536386
-1,11434,14359,21.310652350381723,8.380299106032831
-1,11435,8526,23.584613573952662,10.353305771997645
-1,11436,6129,21.168632767402482,7.691002025480201
-1,11451,3,48.797247416666664,34.923722355121967
-1,11691,7379,25.184217806831594,12.234858229100150
-1,11692,2538,27.947268439113504,13.637907098673811
-1,11693,2119,24.065323598513466,11.157972121838334
-1,11694,5745,23.354030980577864,10.236581650181030
-1,11697,2762,20.127956166868227,6.578572647862793